MJD, Mag, MagErr
52668.508947,14.910630,0.013160
52668.524167,14.815280,0.010200
52672.459213,14.945540,0.024290
52672.487211,14.782490,0.084340
52673.376285,14.843790,0.014430
52673.405845,14.836360,0.010700
52673.421655,14.867320,0.011490
52673.436424,14.858660,0.010230
52704.414549,14.925830,0.012200
52704.430602,14.901040,0.012200
52704.446204,14.881770,0.011420
52704.446319,14.827080,0.011490
52704.460625,14.900970,0.011760
52704.460741,14.841110,0.012180
52704.474861,14.840080,0.011990
52705.380197,14.911290,0.007680
52705.393414,14.894860,0.007350
52705.406794,14.899130,0.007530
52705.420428,14.924000,0.008110
52705.433669,14.908760,0.008160
52708.373924,14.933650,0.007400
52708.387512,14.921300,0.007300
52708.401134,14.908680,0.007370
52708.415521,14.917410,0.007800
52708.429560,14.909520,0.007480
52729.341748,14.918920,0.008100
52729.353264,14.901940,0.009000
52729.364873,14.911890,0.009990
52729.376331,14.875650,0.009630
52729.387812,14.904050,0.008850
52734.318218,14.822410,0.029350
52734.330752,14.709810,0.083470
52734.343519,15.045730,0.098570
52736.255590,14.831710,0.010920
52736.267419,14.849090,0.010180
52736.279225,14.868680,0.010160
52736.291030,14.889610,0.010920
52736.303704,14.834760,0.010580
52736.316146,14.825790,0.010700
52736.339850,14.824800,0.011950
52736.351655,14.811090,0.011210
52757.265880,14.923720,0.007840
52757.277859,14.909640,0.007790
52757.289884,14.902690,0.008730
52757.301875,14.909200,0.008090
52757.313854,14.892740,0.009780
52758.263194,14.868390,0.009330
52758.289201,14.859740,0.010840
52758.289306,14.801840,0.010830
52758.301227,14.839090,0.010200
52758.301331,14.817830,0.010420
52758.313565,14.877120,0.010460
52758.313669,14.872350,0.010600
52765.177558,14.895250,0.006920
52765.190069,15.573410,0.030560
52765.202604,14.972310,0.006040
52790.215937,14.853750,0.013940
52790.226690,14.794870,0.070440
52790.237350,14.917030,0.033260
52790.248461,14.874010,0.043150
52815.170810,14.920100,0.015250
52815.181285,15.016410,0.015840
52815.191539,15.079690,0.017720
52815.201690,14.904790,0.016440
52815.211898,15.036240,0.016730
52822.169549,14.986690,0.020970
52822.180058,14.937010,0.018640
52822.190104,14.996880,0.022120
52822.200127,14.786010,0.029450
52822.210208,15.096920,0.025090
52996.456516,14.957240,0.007790
52996.469919,14.974240,0.007860
52996.482697,14.969440,0.007040
52996.497106,14.988020,0.007740
52996.510440,14.946760,0.006430
53028.441331,15.010500,0.005850
53028.456123,14.971440,0.011860
53028.488588,14.991590,0.006200
53028.501424,14.997520,0.018790
53032.404086,15.008910,0.008380
53032.416424,15.029200,0.008030
53032.429271,15.020650,0.008270
53032.441794,15.007560,0.008100
53032.454201,15.011370,0.008110
53055.403866,15.357310,0.043230
53055.415845,15.228370,0.049360
53055.428067,15.165350,0.077110
53060.373565,14.973030,0.006770
53060.385833,14.996150,0.006990
53060.397708,14.979380,0.007190
53060.409722,14.982640,0.007430
53081.351898,14.980990,0.007660
53081.363657,14.995650,0.007340
53081.375150,15.004820,0.008020
53081.386458,15.013440,0.008590
53081.397731,15.000450,0.008040
53082.402245,15.019660,0.007160
53082.413611,15.010380,0.007240
53082.424734,15.029500,0.008250
53082.436065,15.035990,0.008810
53082.447049,15.031720,0.007670
53084.355451,15.014230,0.006820
53084.366713,15.029580,0.006360
53084.377905,15.016720,0.006070
53084.389641,15.006780,0.006430
53084.400764,15.012280,0.006200
53091.332986,15.013200,0.006150
53091.343137,15.002780,0.005870
53091.353866,15.005530,0.005920
53091.363634,15.002480,0.006070
53091.373519,15.021770,0.006690
53092.326065,15.004220,0.007790
53092.336759,15.013620,0.007540
53092.346736,14.981740,0.007800
53093.321609,14.997290,0.006680
53093.331412,14.977800,0.006580
53093.341400,14.976050,0.006490
53093.351412,14.979960,0.007100
53093.361933,14.982010,0.006630
53094.292558,14.979800,0.008220
53094.302419,14.987940,0.008120
53094.312338,14.979150,0.008560
53112.245208,15.028520,0.008180
53112.255937,15.044990,0.008220
53112.266470,15.042150,0.008100
53112.277373,15.048010,0.009160
53112.287743,15.000150,0.035660
53113.329769,15.057170,0.035220
53113.340822,15.102930,0.016450
53115.308738,15.050360,0.007080
53115.330266,15.056790,0.007200
53115.341366,15.064730,0.007440
53115.352257,15.069150,0.007320
53140.206238,15.087470,0.009570
53140.216319,15.085210,0.009920
53140.226146,15.100320,0.009450
53140.235498,15.094180,0.009660
53141.266887,15.015730,0.007430
53141.275972,15.027990,0.007590
53141.285012,15.072620,0.007840
53141.294086,15.042930,0.008150
53141.303287,15.058620,0.008360
53143.290475,15.074540,0.007860
53143.300116,15.067580,0.007160
53143.309190,15.119640,0.008610
53143.318229,15.101410,0.008600
53168.169329,15.090270,0.012090
53168.181157,15.103680,0.012330
53168.191354,15.123000,0.011690
53170.173519,15.108000,0.008050
53170.183912,15.107990,0.007910
53170.193889,15.123810,0.008260
53172.171748,15.129380,0.009420
53172.181725,15.118650,0.008450
53172.191829,15.114640,0.008610
53172.202257,15.244680,0.024360
53172.211991,15.130090,0.010210
53353.468773,15.143130,0.013770
53353.482187,15.172740,0.012930
53353.495023,15.163870,0.011800
53353.507870,15.165470,0.011110
53353.521296,15.155830,0.010130
53383.476528,15.105850,0.010940
53383.489375,15.125320,0.011080
53383.502222,15.112220,0.010190
53383.515116,15.109350,0.010910
53383.528287,15.150030,0.012120
53402.444537,15.077820,0.018990
53402.457604,15.080080,0.019830
53402.469653,15.074710,0.019070
53402.483669,15.062840,0.018860
53402.495799,15.091210,0.019630
53403.442882,15.119190,0.021720
53403.457593,15.115610,0.018800
53403.470370,15.135240,0.019130
53403.486319,15.117720,0.018390
53405.417674,15.082440,0.010340
53405.429769,15.070070,0.010450
53405.442106,15.080160,0.010960
53446.442257,15.148130,0.009440
53446.453148,15.152260,0.009500
53446.463727,15.168670,0.009810
53446.474271,15.133580,0.011210
53446.484850,15.136070,0.010570
53464.343426,15.164720,0.010480
53464.353507,15.145020,0.009890
53464.364144,15.113310,0.008920
53464.374248,15.131170,0.009310
53464.384340,15.143360,0.010430
53467.280266,15.116250,0.010510
53467.290231,15.119520,0.013960
53467.300359,15.231150,0.017290
53467.310822,15.160690,0.010950
53467.321238,15.063090,0.010770
53467.389965,15.164260,0.011450
53467.399769,15.134210,0.067370
53467.409340,15.104630,0.013510
53467.418981,15.497010,0.028550
53467.428530,15.129900,0.016500
53478.277072,15.119720,0.015970
53478.286285,15.100670,0.014970
53478.295255,15.143460,0.015290
53478.304606,15.080630,0.015460
53478.313600,15.128020,0.016470
53506.195197,15.101630,0.014310
53506.204803,15.111040,0.013740
53506.214317,15.112200,0.013500
53506.223866,15.138280,0.013710
53506.233403,15.132120,0.013800
53745.403160,15.159110,0.018600
53745.416644,15.139700,0.017130
53745.429468,15.124340,0.014670
53745.442917,15.128190,0.013810
53745.456389,15.145400,0.012900
53758.464896,15.120190,0.014450
53758.477882,15.118900,0.012510
53758.490440,15.085710,0.011590
53758.503079,15.118490,0.011630
53758.515972,15.096800,0.011640
53789.407315,15.121440,0.013200
53789.419340,15.211370,0.032950
53789.431412,15.031440,0.023920
53789.443437,15.151760,0.016940
53789.455486,14.950890,0.058900
53792.404317,15.131280,0.013210
53792.416250,15.191710,0.014170
53792.428183,15.127520,0.018910
53792.440116,15.197500,0.022610
53792.452072,15.176930,0.038340
53802.393866,15.191630,0.013200
53802.405370,15.168800,0.012070
53802.416863,15.264240,0.060890
53802.428356,15.180440,0.011050
53802.439838,15.175590,0.011160
53816.360324,15.037860,0.046340
53816.371898,15.134300,0.010600
53816.383356,15.140700,0.011230
53816.406979,15.140170,0.011550
53821.369549,15.222810,0.025330
53821.382488,15.170200,0.050170
53821.424109,15.134390,0.050390
53824.423056,15.376020,0.019540
53824.446956,15.676400,0.032170
53824.468866,15.157440,0.015680
53828.413310,15.252950,0.070270
53831.328843,15.142230,0.011170
53831.338623,15.142960,0.011550
53831.348403,15.138820,0.011570
53831.358461,15.136560,0.011990
53831.368241,15.119180,0.011880
53846.300544,15.175200,0.015970
53846.311562,15.184490,0.013400
53846.322581,15.181050,0.013010
53846.333576,15.171480,0.012680
53846.344606,15.167190,0.011910
53851.296389,15.184860,0.012330
53851.306609,15.172030,0.014920
53851.317234,15.164140,0.014770
53851.327720,15.156370,0.013590
53851.338183,15.179110,0.013150
53857.326956,15.148570,0.010930
53857.337292,15.144070,0.011420
53857.347604,15.144360,0.011720
53857.358391,15.181700,0.016330
53857.369190,15.178530,0.018160
53879.232755,15.108570,0.011400
53879.245046,15.072390,0.010960
53879.257523,15.087320,0.011560
53879.269502,15.109590,0.010700
53885.213299,15.125010,0.011860
53885.238160,15.096760,0.013440
53885.250359,15.139190,0.013110
53885.263125,15.135520,0.013090
53891.184641,15.249690,0.041220
53891.202824,15.135630,0.044160
53891.220579,15.215210,0.045190
53891.239907,15.104740,0.042920
54148.353137,15.065150,0.008450
54148.365278,15.096020,0.009490
54148.377350,15.075800,0.008540
54148.389595,15.082510,0.009410
54153.386852,15.035030,0.009980
54153.398600,15.087660,0.010180
54153.410336,15.023960,0.010010
54153.422083,15.064760,0.012460
54153.433877,15.086870,0.016450
54158.343530,15.028660,0.010620
54158.355220,15.062500,0.012020
54158.367025,15.064120,0.010930
54158.378750,15.051670,0.009750
54158.390475,15.066780,0.009770
54174.371898,15.058690,0.008070
54174.393472,15.070200,0.009500
54174.404375,14.937240,0.022560
54174.415162,15.081810,0.008990
54177.348507,15.090360,0.009890
54177.352106,15.036500,0.010440
54177.360313,15.334980,0.025120
54177.362813,15.030940,0.045540
54177.372882,15.220950,0.015710
54177.373634,14.938110,0.023330
54177.384560,15.109340,0.009560
54177.396262,15.125510,0.009410
54180.387604,15.075620,0.007610
54180.408958,15.093700,0.008410
54180.419780,15.071190,0.007950
54180.430486,15.065530,0.008130
54205.315278,15.039480,0.008870
54205.324803,15.048390,0.008050
54205.335150,15.046410,0.008050
54205.344699,15.047820,0.008460
54205.354225,15.035240,0.008110
54208.308576,15.069280,0.008530
54208.317789,15.055700,0.008980
54208.327141,15.081650,0.009260
54208.336389,15.055200,0.009340
54208.345637,15.064960,0.008680
54212.315880,15.069940,0.010380
54212.325012,15.050820,0.008930
54212.334375,15.030470,0.008980
54212.343669,15.035100,0.009410
54212.353044,15.062880,0.009550
54230.197917,15.017750,0.011200
54230.216771,14.859060,0.012570
54230.226111,15.010530,0.011590
54234.252951,15.052580,0.008570
54234.262477,14.976060,0.010080
54234.281632,15.043080,0.009070
54242.247604,15.008370,0.011340
54242.255995,15.052360,0.012030
54265.166956,14.971250,0.010360
54265.177153,14.946140,0.009960
54265.187095,14.979690,0.010400
54271.165359,15.008970,0.009890
54271.175243,15.024300,0.009710
54271.185289,15.019660,0.009930
54271.195289,15.042910,0.010110
54271.205104,15.029080,0.009840
54481.409699,14.959520,0.009190
54481.422720,14.952920,0.010200
54481.435764,14.937700,0.007530
54481.448819,14.938040,0.009330
54481.462014,14.950430,0.007970
54506.396400,14.950020,0.006330
54506.409398,14.922160,0.006050
54506.421736,14.963470,0.006280
54506.434074,14.952440,0.006730
54506.446424,14.953160,0.006970
54522.455903,14.903440,0.009220
54522.467604,14.896100,0.008880
54522.479410,14.861590,0.008850
54522.491157,14.842990,0.009090
54522.502928,14.839970,0.009460
54529.382488,14.942340,0.005920
54529.394039,14.934940,0.005800
54529.405602,14.930940,0.005780
54529.417072,14.948210,0.005900
54529.428553,14.923770,0.005810
54533.444630,14.943130,0.010810
54533.455764,14.920230,0.010630
54533.466875,14.901140,0.010820
54533.478634,14.959550,0.010780
54535.383519,14.911260,0.005190
54535.395081,14.910970,0.005200
54535.406458,14.906740,0.005100
54535.417824,14.927570,0.005650
54535.429201,14.938850,0.006110
54553.365370,14.944570,0.006960
54553.377477,14.943940,0.008430
54553.389525,14.952340,0.008170
54562.355046,14.905750,0.004910
54562.366725,14.939110,0.005290
54562.378438,14.922980,0.005040
54562.390069,14.936010,0.005450
54562.401725,14.939450,0.005710
54567.261146,14.955020,0.013400
54567.272187,14.937510,0.013190
54567.283356,14.927310,0.013680
54567.294398,14.937260,0.013470
54567.305590,14.933320,0.013930
54570.245127,14.926480,0.008210
54570.256204,14.945300,0.008410
54570.267222,14.943930,0.008870
54570.278287,14.933070,0.008080
54570.289433,14.926940,0.008220
54584.303113,14.972790,0.007060
54584.313727,14.944680,0.007250
54584.324329,14.973960,0.008390
54584.334965,14.957850,0.007500
54584.345567,14.926770,0.008480
54591.294896,14.929680,0.008760
54591.305116,14.939080,0.007750
54591.315336,14.914800,0.007590
54591.325556,14.947510,0.007830
54591.335799,14.951930,0.008120
54599.203958,14.926700,0.011140
54599.214387,14.895230,0.010780
54599.224977,14.901760,0.011200
54599.235405,14.916350,0.011330
54599.246354,14.903180,0.011290
54614.214039,14.911590,0.006790
54614.224086,14.901400,0.006120
54614.234097,14.906760,0.006540
54614.244086,14.912460,0.006670
54614.254097,14.913870,0.007240
54623.169549,14.907060,0.019030
54623.189745,14.851220,0.019370
54623.199896,14.924700,0.020840
54623.209884,14.883420,0.020430
54829.458623,14.911190,0.007510
54829.471644,14.950700,0.007830
54829.484826,14.923520,0.006610
54829.497986,14.932640,0.006650
54829.511238,14.936990,0.006830
54838.456354,14.963760,0.008560
54838.469109,14.928860,0.007260
54838.481736,14.971710,0.007780
54838.494363,14.969290,0.007790
54838.506991,14.929220,0.007500
54853.403808,14.959150,0.009400
54853.416563,14.944810,0.007650
54853.423819,14.568690,0.016700
54853.429120,14.951860,0.007760
54853.441933,14.967010,0.008100
54853.454525,14.935670,0.007080
54853.463877,14.750980,0.013210
54853.477338,14.813030,0.011270
54859.402836,14.977000,0.006060
54859.415139,14.995560,0.006330
54859.427477,14.989220,0.006310
54859.439769,14.980220,0.005610
54859.452211,14.972250,0.005560
54868.382431,14.877680,0.015160
54868.405312,14.902330,0.014920
54868.416748,14.875150,0.017000
54868.428171,14.960170,0.012670
54885.389896,14.981590,0.009810
54915.296875,15.015740,0.007880
54915.309028,15.026500,0.007750
54915.321204,15.025730,0.018740
54919.354225,14.921690,0.008430
54919.366400,14.997090,0.008990
54919.378576,14.968690,0.007720
54919.390532,14.993400,0.007580
54919.402454,14.971780,0.007990
54945.295162,14.999390,0.008210
54945.305845,14.987070,0.007410
54945.320000,14.998630,0.007470
54945.331690,14.971910,0.007420
54945.343079,14.999820,0.007620
54952.210810,14.975290,0.008450
54952.223345,14.995510,0.009000
54952.251042,14.986820,0.008900
54952.263947,14.969810,0.009090
55209.450197,15.031210,0.017230
55209.462407,15.131380,0.010090
55209.474630,15.091790,0.010980
55214.403900,15.110350,0.008630
55214.416609,15.090780,0.008180
55214.429549,15.111810,0.008390
55214.442257,15.108400,0.007620
55244.404687,15.118860,0.007320
55244.417083,15.134890,0.007420
55244.429433,15.119260,0.007130
55244.441852,15.105410,0.006940
55264.451308,15.137500,0.010610
55264.462847,15.149400,0.011670
55264.474410,15.151240,0.011290
55264.485926,15.133510,0.011910
55264.497431,15.155090,0.012980
55274.347523,15.142740,0.009050
55274.358600,15.174160,0.012640
55274.369688,15.127370,0.008740
55274.380764,15.200820,0.012020
55293.365567,15.135690,0.008860
55293.377141,15.152590,0.009180
55293.388692,15.175450,0.009930
55293.400255,15.185200,0.010930
55293.411817,15.179850,0.011590
55299.313484,15.213790,0.017840
55299.338194,15.206210,0.009310
55299.349792,15.212660,0.009600
55299.361400,15.203190,0.009500
55299.373056,15.208120,0.010040
55308.131146,15.178620,0.019080
55308.141794,15.208570,0.017800
55308.152442,15.163210,0.016300
55308.163079,15.200160,0.015810
55308.173819,15.174820,0.015060
55322.291968,15.080800,0.019610
55322.302222,15.153070,0.011580
55322.312500,15.199000,0.011060
55322.322604,15.240230,0.011590
55322.332650,15.219310,0.011470
55352.217558,15.209830,0.009690
55352.228171,15.199730,0.009440
55352.239456,15.221280,0.009150
55352.252373,15.256840,0.010160
55352.263912,15.240280,0.009590
55358.164919,15.220910,0.008310
55358.175463,15.242400,0.009490
55358.185995,15.244010,0.008970
55358.196516,15.223080,0.009050
55358.207558,15.220690,0.009900
55575.482720,15.241420,0.009000
55575.496204,15.210060,0.008510
55575.510093,15.250460,0.010330
55575.523611,15.217220,0.009000
55602.457558,15.209100,0.009110
55602.471863,15.119380,0.009230
55602.485995,15.142000,0.009260
55602.500069,15.159140,0.008740
55617.471609,15.223800,0.009420
55617.486238,15.194750,0.010020
55617.501794,15.195110,0.010300
55617.515382,15.204480,0.011080
55633.327419,15.222560,0.013180
55633.338750,15.212660,0.014040
55633.350081,15.233590,0.022000
55633.361493,15.188000,0.027060
55633.372731,15.224950,0.015810
55646.416308,15.198700,0.010130
55646.429282,15.224820,0.012010
55646.441806,15.232430,0.012060
55646.455729,15.238930,0.014460
55646.468368,15.226410,0.015520
55652.364572,15.183810,0.006500
55652.378229,15.180790,0.006960
55652.391794,15.191490,0.007120
55652.405637,15.191320,0.007300
55652.418275,15.196240,0.009620
55662.256944,15.161030,0.008740
55662.269317,15.147260,0.008040
55662.281921,15.169610,0.008110
55662.293819,15.159760,0.008180
55662.305891,15.175540,0.008360
55676.296991,15.154330,0.008490
55676.309016,15.153310,0.009170
55676.320880,15.179960,0.010300
55676.332662,15.163900,0.010210
55676.344549,15.163060,0.011740
55682.299711,15.407940,0.042550
55682.321134,15.148460,0.010890
55682.331725,15.160050,0.013420
55682.342222,15.181810,0.041250
55689.198715,15.174030,0.012110
55689.208773,15.164340,0.010130
55689.218843,15.168030,0.009430
55689.228912,15.149300,0.010080
55689.238970,15.145830,0.009090
55705.222222,15.140600,0.009240
55705.233553,15.145070,0.009420
55705.244734,15.154640,0.009660
55705.255903,15.163840,0.009840
55705.267002,15.140030,0.010340
55711.219664,15.145220,0.009800
55711.230498,15.131200,0.010140
55711.241528,15.118550,0.009810
55711.252315,15.145110,0.010630
55711.263090,15.138800,0.011270
55924.471632,15.090520,0.011500
55924.485012,15.110420,0.011420
55924.498403,15.071420,0.010430
55924.511910,15.091310,0.011000
55924.525266,15.088300,0.009870
55956.412847,15.076810,0.010960
55956.425544,15.046310,0.009030
55956.438391,15.043510,0.008210
55956.451111,15.050190,0.007800
55972.485683,15.061440,0.013520
55972.498229,15.084920,0.012230
55972.510590,15.075360,0.012020
55972.522998,15.075250,0.013410
55980.396620,15.032950,0.008880
55980.408715,15.045050,0.007570
55980.420833,15.013630,0.007810
55980.432928,15.068070,0.009160
55980.445035,15.056150,0.009180
55986.336088,15.045260,0.009740
55986.348426,15.021750,0.009050
55986.360590,15.023550,0.009780
55986.372928,15.053120,0.010150
55986.385185,15.044890,0.010180
56002.388067,15.020960,0.008740
56002.399259,15.016350,0.008040
56002.410394,15.019410,0.007720
56002.421609,15.028840,0.008530
56002.432824,15.038480,0.008330
56004.345058,15.304910,0.031460
56004.355856,15.007310,0.031000
56004.366655,15.065350,0.040810
56004.377454,14.949110,0.016410
56010.378090,15.021790,0.007880
56010.388866,15.032920,0.008770
56010.399745,15.016800,0.009890
56010.410556,15.026090,0.008730
56010.421343,15.019910,0.008630
56015.318345,15.042740,0.007600
56015.329144,15.026130,0.007460
56015.339838,15.034870,0.008040
56015.350428,15.049270,0.008320
56015.361956,15.029450,0.008140
56030.341840,15.026730,0.021640
56030.353391,15.047120,0.038340
56030.364861,15.021310,0.020930
56030.376331,15.035020,0.014060
56046.238912,14.990060,0.008770
56046.249282,15.002640,0.008410
56046.259826,14.982410,0.008240
56046.270301,14.993840,0.008080
56046.281285,14.991250,0.008350
56066.215394,15.014970,0.008790
56066.226701,14.992730,0.009080
56066.238021,14.998460,0.007970
56066.249317,14.996540,0.008500
56066.260637,14.984700,0.008090
56073.158148,15.000950,0.010570
56073.169225,14.998610,0.010600
56073.180278,14.986470,0.009420
56073.191319,14.979900,0.009820
56073.202373,14.985110,0.008780
56090.159479,14.969380,0.008450
56090.169919,14.951540,0.009510
56090.180417,14.948870,0.008280
56090.191007,14.974830,0.008720
56090.201539,15.008860,0.009280
